0 1
2 3
4 5
6 7
8 9
10 11
12 13
14 15
16 17
18 19
20 21
22 23
24 25
26 27
28 29
30 31
32 33
34 35
36 37
38 39
40 41
42 43
44 45
46 47
48 49
50 51
52 53
54 55
56 57
58 59
60 61
62 63
64 65
66 67
68 69
70 71
72 73
74 75
76 77
78 79
80 81
82 83
84 85
86 87
88 89
90 91
92 93
94 95
96 97
98 99
100 101
102 103
104 105
106 107
108 109
110 111
112 113
114 115
116 117
118 119
120 121
122 123
124 125
126 127
128 129
130 131
132 133
134 135
136 137
138 139
140 141
142 143
144 145
146 147
148 149
150 151
152 153
154 155
156 157
158 159
160 161
162 163
164 165
166 167
168 169
170 171
172 173
174 175
176 177
178 179
180 181
182 183
184 185
186 187
188 189
190 191
192 193
194 195
196 197
198 199
200 201
202 203
204 205
206 207
208 209
210 211
212 213
214 215
216 217
218 219
220 221
222 223
224 225
226 227
228 229
230 231
232 233
234 235
236 237
238 239
240 241
242 243
244 245
246 247
248 249
250 251
252 253
254 255
0 3
6 9
12 15
18 21
24 27
30 33
36 39
42 45
48 51
54 57
59 62
65 67
70 73
75 78
80 82
85 87
89 91
94 96
98 100
102 103
105 107
108 110
112 113
114 116
117 118
119 120
121 122
123 123
124 125
125 126
126 126
126 126
127 126
126 126
126 126
125 125
124 123
123 122
121 120
119 118
117 116
114 113
112 110
108 107
105 103
102 100
98 96
94 91
89 87
85 82
80 78
75 73
70 67
65 62
59 57
54 51
48 45
42 39
36 33
30 27
24 21
18 15
12 9
6 3
0 253
250 247
244 241
238 235
232 229
226 223
220 217
214 211
208 205
202 199
197 194
191 189
186 183
181 178
176 174
171 169
167 165
162 160
158 156
154 153
151 149
148 146
144 143
142 140
139 138
137 136
135 134
133 133
132 131
131 130
130 130
130 130
129 130
130 130
130 130
131 131
132 133
133 134
135 136
137 138
139 140
142 143
144 146
148 149
151 153
154 156
158 160
162 165
167 169
171 174
176 178
181 183
186 189
191 194
197 199
202 205
208 211
214 217
220 223
226 229
232 235
238 241
244 247
250 253
